 1.92091  1.24197  0.72872  0.31719 -1.09582  0.47849  0.20463  0.42591  0.19191 -1.18678 -0.48437 -0.58457 -0.03902  0.03615 -1.27313 -1.40232 -1.45357 -1.17937 -1.06267 -2.02444 
 1.24197  1.92091  1.34637  0.95254 -0.43523  0.43241  0.45356  0.96962  0.84173 -0.51050 -0.46716 -0.38050  0.38316  0.63578 -0.60655 -1.35842 -1.27352 -0.87920 -0.65946 -1.45776 
 0.72872  1.34637  1.92091  1.50906  0.08968 -0.05809  0.12189  0.86377  1.01005 -0.11889 -0.88943 -0.68831  0.21494  0.70060 -0.26800 -1.74247 -1.56827 -1.08829 -0.77621 -1.33229 
 0.31719  0.95254  1.50906  1.92091  0.49937 -0.34976 -0.06266  0.75803  1.07708  0.22332 -1.11171 -0.82817  0.13624  0.74098  0.04185 -1.92301 -1.68170 -1.14671 -0.77556 -1.14742 
-1.09582 -0.43523  0.08968  0.49937  1.92091 -1.47240 -0.97308 -0.17943  0.29816  1.05008 -2.00871 -1.52869 -0.56257  0.11152  0.74961 -2.65211 -2.22828 -1.57755 -1.07471 -0.73993 
 0.47849  0.43241 -0.05809 -0.34976 -1.47240  1.92091  1.23738  0.62457  0.14915 -1.17093  0.95805  0.74070  0.73136  0.26791 -1.11830  0.04010 -0.06059  0.07002 -0.00441 -1.28902 
 0.20463  0.45356  0.12189 -0.06266 -0.97308  1.23738  1.92091  1.07892  0.62283 -0.56503  0.85848  1.08685  1.40658  0.83206 -0.48208  0.05384  0.19383  0.53676  0.60114 -0.61491 
 0.42591  0.96962  0.86377  0.75803 -0.17943  0.62457  1.07892  1.92091  1.44314  0.08308  0.01663  0.33439  1.27208  1.50004  0.08437 -0.76382 -0.52762 -0.03115  0.26079 -0.53176 
 0.19191  0.84173  1.01005  1.07708  0.29816  0.14915  0.62283  1.44314  1.92091  0.49799 -0.43600 -0.05402  0.93805  1.58481  0.44896 -1.17501 -0.87455 -0.31333  0.06827 -0.43208 
-1.18678 -0.51050 -0.11889  0.22332  1.05008 -1.17093 -0.56503  0.08308  0.49799  1.92091 -1.51563 -0.95168 -0.08005  0.47873  1.62045 -2.03910 -1.54500 -0.87294 -0.34590  0.13091 
-0.48437 -0.46716 -0.88943 -1.11171 -2.00871  0.95805  0.85848  0.01663 -0.43600 -1.51563  1.92091  1.25137  0.46786 -0.20066 -1.38190  1.00296  0.79752  0.65108  0.32245 -1.09686 
-0.58457 -0.38050 -0.68831 -0.82817 -1.52869  0.74070  1.08685  0.33439 -0.05402 -0.95168  1.25137  1.92091  0.92576  0.23560 -0.78927  0.79210  1.02789  1.23701  0.98996 -0.42778 
-0.03902  0.38316  0.21494  0.13624 -0.56257  0.73136  1.40658  1.27208  0.93805 -0.08005  0.46786  0.92576  1.92091  1.22900  0.02113 -0.20081  0.10165  0.61768  0.87703 -0.15730 
 0.03615  0.63578  0.70060  0.74098  0.11152  0.26791  0.83206  1.50004  1.58481  0.47873 -0.20066  0.23560  1.22900  1.92091  0.49970 -0.89222 -0.55986  0.01604  0.40437 -0.17396 
-1.27313 -0.60655 -0.26800  0.04185  0.74961 -1.11830 -0.48208  0.08437  0.44896  1.62045 -1.38190 -0.78927  0.02113  0.49970  1.92091 -1.85120 -1.33011 -0.65354 -0.12043  0.43137 
-1.40232 -1.35842 -1.74247 -1.92301 -2.65211  0.04010  0.05384 -0.76382 -1.17501 -2.03910  1.00296  0.79210 -0.20081 -0.89222 -1.85120  1.92091  1.25125  0.65198  0.13667 -1.19237 
-1.45357 -1.27352 -1.56827 -1.68170 -2.22828 -0.06059  0.19383 -0.52762 -0.87455 -1.54500  0.79752  1.02789  0.10165 -0.55986 -1.33011  1.25125  1.92091  1.24305  0.70764 -0.54486 
-1.17937 -0.87920 -1.08829 -1.14671 -1.57755  0.07002  0.53676 -0.03115 -0.31333 -0.87294  0.65108  1.23701  0.61768  0.01604 -0.65354  0.65198  1.24305  1.92091  1.38548  0.06211 
-1.06267 -0.65946 -0.77621 -0.77556 -1.07471 -0.00441  0.60114  0.26079  0.06827 -0.34590  0.32245  0.98996  0.87703  0.40437 -0.12043  0.13667  0.70764  1.38548  1.92091  0.50040 
-2.02444 -1.45776 -1.33229 -1.14742 -0.73993 -1.28902 -0.61491 -0.53176 -0.43208  0.13091 -1.09686 -0.42778 -0.15730 -0.17396  0.43137 -1.19237 -0.54486  0.06211  0.50040  1.92091 
